1 0.26953125 0.121875 0.215625 0.13125
1 0.484375 0.13125 0.2125 0.1296875
1 0.709375 0.1609375 0.2171875 0.14609375
1 0.2421875 0.24453125 0.2484375 0.146875
1 0.72421875 0.2875 0.234375 0.14140625
1 0.4703125 0.25859375 0.23046875 0.13984375
1 0.20546875 0.38515625 0.27578125 0.16953125
1 0.7453125 0.43984375 0.265625 0.1796875
1 0.46796875 0.39296875 0.25703125 0.17734375
1 0.16953125 0.56484375 0.3140625 0.21796875
1 0.7765625 0.6234375 0.296875 0.2421875
1 0.465625 0.57734375 0.2921875 0.2171875
1 0.92734375 0.56875 0.1453125 0.396875
1 0.15 0.796875 0.2984375 0.28984375
1 0.80625 0.85703125 0.3578125 0.2859375
1 0.459375 0.8171875 0.3390625 0.28203125